   3.3259435e+05   1.7392596e+06
   3.3259933e+05   1.7392738e+06
   3.3260892e+05   1.7392992e+06
   3.3262269e+05   1.7393211e+06
   3.3263699e+05   1.7393409e+06
   3.3265185e+05   1.7393702e+06
   3.3266638e+05   1.7394107e+06
   3.3268130e+05   1.7394472e+06
   3.3269578e+05   1.7394805e+06
   3.3271070e+05   1.7395171e+06
   3.3272525e+05   1.7395592e+06
   3.3274016e+05   1.7395957e+06
   3.3275463e+05   1.7396274e+06
   3.3276950e+05   1.7396568e+06
   3.3278396e+05   1.7396870e+06
   3.3279882e+05   1.7397164e+06
   3.3281329e+05   1.7397482e+06
   3.3282821e+05   1.7397845e+06
   3.3284274e+05   1.7398250e+06
   3.3285761e+05   1.7398545e+06
   3.3287201e+05   1.7398776e+06
   3.3288693e+05   1.7399141e+06
   3.3290154e+05   1.7399648e+06
   3.3291645e+05   1.7400012e+06
   3.3293085e+05   1.7400226e+06
   3.3294566e+05   1.7400452e+06
   3.3296013e+05   1.7400770e+06
   3.3297510e+05   1.7401204e+06
   3.3298972e+05   1.7401727e+06
   3.3300464e+05   1.7402092e+06
   3.3301903e+05   1.7402307e+06
   3.3303384e+05   1.7402532e+06
   3.3304830e+05   1.7402833e+06
   3.3306322e+05   1.7403197e+06
   3.3307776e+05   1.7403617e+06
   3.3309268e+05   1.7403984e+06
   3.3310716e+05   1.7404317e+06
   3.3312208e+05   1.7404685e+06
   3.3313663e+05   1.7405121e+06
   3.3315160e+05   1.7405557e+06
   3.3316615e+05   1.7405978e+06
   3.3318101e+05   1.7406274e+06
   3.3319542e+05   1.7406505e+06
   3.3321034e+05   1.7406872e+06
   3.3322495e+05   1.7407395e+06
   3.3323992e+05   1.7407831e+06
   3.3325440e+05   1.7408164e+06
   3.3326927e+05   1.7408458e+06
   3.3328371e+05   1.7408744e+06
   3.3329852e+05   1.7408966e+06
   3.3331290e+05   1.7409164e+06
   3.3332777e+05   1.7409457e+06
   3.3334230e+05   1.7409861e+06
   3.3335721e+05   1.7410226e+06
   3.3337169e+05   1.7410560e+06
   3.3338661e+05   1.7410925e+06
   3.3340114e+05   1.7411329e+06
   3.3341600e+05   1.7411623e+06
   3.3343040e+05   1.7411838e+06
   3.3344526e+05   1.7412132e+06
   3.3345979e+05   1.7412537e+06
   3.3347471e+05   1.7412902e+06
   3.3348919e+05   1.7413235e+06
   3.3350410e+05   1.7413603e+06
   3.3351866e+05   1.7414039e+06
   3.3353363e+05   1.7414477e+06
   3.3354818e+05   1.7414913e+06
   3.3356310e+05   1.7415279e+06
   3.3357757e+05   1.7415597e+06
   3.3359243e+05   1.7415894e+06
   3.3360691e+05   1.7416227e+06
   3.3362188e+05   1.7416665e+06
   3.3363651e+05   1.7417204e+06
   3.3365148e+05   1.7417641e+06
   3.3366596e+05   1.7417975e+06
   3.3368082e+05   1.7418270e+06
   3.3369527e+05   1.7418572e+06
   3.3371014e+05   1.7418866e+06
   3.3372460e+05   1.7419183e+06
   3.3373952e+05   1.7419548e+06
   3.3375406e+05   1.7419969e+06
   3.3376898e+05   1.7420334e+06
   3.3378344e+05   1.7420651e+06
   3.3379831e+05   1.7420947e+06
   3.3381277e+05   1.7421264e+06
   3.3382769e+05   1.7421628e+06
   3.3384222e+05   1.7422032e+06
   3.3385708e+05   1.7422326e+06
   3.3387147e+05   1.7422541e+06
   3.3388633e+05   1.7422835e+06
   3.3390086e+05   1.7423240e+06
   3.3391578e+05   1.7423606e+06
   3.3393027e+05   1.7423956e+06
   3.3394524e+05   1.7424394e+06
   3.3395987e+05   1.7424933e+06
   3.3397484e+05   1.7425372e+06
   3.3398933e+05   1.7425722e+06
   3.3400424e+05   1.7426089e+06
   3.3401878e+05   1.7426510e+06
   3.3403370e+05   1.7426875e+06
   3.3404816e+05   1.7427192e+06
   3.3406303e+05   1.7427486e+06
   3.3407748e+05   1.7427788e+06
   3.3409234e+05   1.7428083e+06
   3.3410682e+05   1.7428417e+06
   3.3412179e+05   1.7428854e+06
   3.3413642e+05   1.7429393e+06
   3.3415138e+05   1.7429831e+06
   3.3416586e+05   1.7430164e+06
   3.3418072e+05   1.7430460e+06
   3.3419518e+05   1.7430761e+06
   3.3421004e+05   1.7431054e+06
   3.3422449e+05   1.7431355e+06
   3.3423935e+05   1.7431650e+06
   3.3425382e+05   1.7431967e+06
   3.3426873e+05   1.7432332e+06
   3.3428327e+05   1.7432753e+06
   3.3429819e+05   1.7433120e+06
   3.3431268e+05   1.7433470e+06
   3.3432765e+05   1.7433912e+06
   3.3434231e+05   1.7434500e+06
   3.3435743e+05   1.7435152e+06
   3.3437216e+05   1.7435827e+06
   3.3438713e+05   1.7436269e+06
   3.3440155e+05   1.7436532e+06
   3.3441647e+05   1.7436900e+06
   3.3443107e+05   1.7437407e+06
   3.3444599e+05   1.7437775e+06
   3.3446041e+05   1.7438038e+06
   3.3447538e+05   1.7438478e+06
   3.3449008e+05   1.7439120e+06
   3.3450510e+05   1.7439631e+06
   3.3451962e+05   1.7440012e+06
   3.3453458e+05   1.7440452e+06
   3.3454893e+05   1.7440976e+06
   3.3456073e+05   1.7441339e+06
   3.3456113e+05   1.7441539e+06
   3.3455285e+05   1.7441692e+06
   3.3455323e+05   1.7441859e+06
   3.3456492e+05   1.7442080e+06
   3.3457911e+05   1.7442382e+06
   3.3459402e+05   1.7442747e+06
   3.3460857e+05   1.7443183e+06
   3.3462354e+05   1.7443623e+06
   3.3463811e+05   1.7444092e+06
   3.3465313e+05   1.7444605e+06
   3.3466779e+05   1.7445193e+06
   3.3468287e+05   1.7445777e+06
   3.3469753e+05   1.7446365e+06
   3.3471255e+05   1.7446878e+06
   3.3472712e+05   1.7447347e+06
   3.3474209e+05   1.7447786e+06
   3.3475664e+05   1.7448223e+06
   3.3477156e+05   1.7448593e+06
   3.3478606e+05   1.7448959e+06
   3.3480108e+05   1.7449471e+06
   3.3481580e+05   1.7450146e+06
   3.3483087e+05   1.7450728e+06
   3.3484546e+05   1.7451213e+06
   3.3486043e+05   1.7451656e+06
   3.3487499e+05   1.7452109e+06
   3.3488996e+05   1.7452550e+06
   3.3490453e+05   1.7453018e+06
   3.3491955e+05   1.7453532e+06
   3.3493421e+05   1.7454119e+06
   3.3494928e+05   1.7454703e+06
   3.3496394e+05   1.7455291e+06
   3.3497896e+05   1.7455804e+06
   3.3499354e+05   1.7456273e+06
   3.3500851e+05   1.7456714e+06
   3.3502307e+05   1.7457167e+06
   3.3503803e+05   1.7457607e+06
   3.3505259e+05   1.7458060e+06
   3.3506756e+05   1.7458499e+06
   3.3508212e+05   1.7458952e+06
   3.3509709e+05   1.7459392e+06
   3.3511165e+05   1.7459844e+06
   3.3512661e+05   1.7460284e+06
   3.3514117e+05   1.7460737e+06
   3.3515614e+05   1.7461178e+06
   3.3517071e+05   1.7461647e+06
   3.3518573e+05   1.7462157e+06
   3.3520037e+05   1.7462713e+06
   3.3521534e+05   1.7463155e+06
   3.3522984e+05   1.7463537e+06
   3.3524486e+05   1.7464051e+06
   3.3525959e+05   1.7464725e+06
   3.3527466e+05   1.7465308e+06
   3.3528924e+05   1.7465793e+06
   3.3530421e+05   1.7466237e+06
   3.3531878e+05   1.7466705e+06
   3.3533380e+05   1.7467219e+06
   3.3534846e+05   1.7467806e+06
   3.3536353e+05   1.7468389e+06
   3.3537817e+05   1.7468961e+06
   3.3539314e+05   1.7469402e+06
   3.3540749e+05   1.7469751e+06
   3.3542083e+05   1.7470112e+06
   3.3542807e+05   1.7470451e+06
   3.3543238e+05   1.7471360e+06
   3.3543940e+05   1.7471400e+06
   3.3545259e+05   1.7471555e+06
   3.3546691e+05   1.7471858e+06
   3.3548187e+05   1.7472294e+06
   3.3549651e+05   1.7472849e+06
   3.3551152e+05   1.7473360e+06
   3.3552609e+05   1.7473828e+06
   3.3554106e+05   1.7474271e+06
   3.3555563e+05   1.7474740e+06
   3.3557065e+05   1.7475250e+06
   3.3558528e+05   1.7475806e+06
   3.3560024e+05   1.7476244e+06
   3.3561472e+05   1.7476578e+06
   3.3562958e+05   1.7476875e+06
   3.3564404e+05   1.7477192e+06
   3.3565895e+05   1.7477557e+06
   3.3567348e+05   1.7477978e+06
   3.3568840e+05   1.7478347e+06
   3.3570289e+05   1.7478713e+06
   3.3571791e+05   1.7479224e+06
   3.3573263e+05   1.7479899e+06
   3.3574770e+05   1.7480483e+06
   3.3576229e+05   1.7480984e+06
   3.3577731e+05   1.7481501e+06
   3.3579198e+05   1.7482105e+06
   3.3580710e+05   1.7482760e+06
   3.3582183e+05   1.7483451e+06
   3.3583685e+05   1.7483963e+06
   3.3585133e+05   1.7484312e+06
   3.3586619e+05   1.7484609e+06
   3.3588064e+05   1.7484911e+06
   3.3589550e+05   1.7485205e+06
   3.3590996e+05   1.7485522e+06
   3.3592486e+05   1.7485887e+06
   3.3593940e+05   1.7486308e+06
   3.3595431e+05   1.7486674e+06
   3.3596878e+05   1.7487008e+06
   3.3598369e+05   1.7487375e+06
   3.3599824e+05   1.7487812e+06
   3.3601320e+05   1.7488249e+06
   3.3602774e+05   1.7488686e+06
   3.3604264e+05   1.7489051e+06
   3.3605684e+05   1.7489352e+06
   3.3606852e+05   1.7489573e+06
   3.3606890e+05   1.7489740e+06
   3.3606062e+05   1.7489892e+06
   3.3606101e+05   1.7490076e+06
   3.3607275e+05   1.7490370e+06
   3.3608704e+05   1.7490806e+06
   3.3610204e+05   1.7491314e+06
   3.3611667e+05   1.7491870e+06
   3.3613163e+05   1.7492307e+06
   3.3614609e+05   1.7492625e+06
   3.3616090e+05   1.7492851e+06
   3.3617528e+05   1.7493065e+06
   3.3619019e+05   1.7493430e+06
   3.3620480e+05   1.7493954e+06
   3.3621976e+05   1.7494389e+06
   3.3623423e+05   1.7494723e+06
   3.3624909e+05   1.7495018e+06
   3.3626353e+05   1.7495320e+06
   3.3627839e+05   1.7495613e+06
   3.3629284e+05   1.7495914e+06
   3.3630769e+05   1.7496207e+06
   3.3632214e+05   1.7496508e+06
   3.3633699e+05   1.7496801e+06
   3.3635144e+05   1.7497103e+06
   3.3636630e+05   1.7497398e+06
   3.3638077e+05   1.7497732e+06
   3.3639573e+05   1.7498172e+06
   3.3641037e+05   1.7498743e+06
   3.3642544e+05   1.7499325e+06
   3.3644008e+05   1.7499896e+06
   3.3645504e+05   1.7500339e+06
   3.3646927e+05   1.7500705e+06
   3.3648112e+05   1.7501143e+06
   3.3648175e+05   1.7501668e+06
   3.3647363e+05   1.7502034e+06
   3.3647404e+05   1.7502250e+06
   3.3648573e+05   1.7502476e+06
   3.3649993e+05   1.7502794e+06
   3.3651488e+05   1.7503230e+06
   3.3652950e+05   1.7503769e+06
   3.3654446e+05   1.7504206e+06
   3.3655893e+05   1.7504540e+06
   3.3657379e+05   1.7504835e+06
   3.3658823e+05   1.7505137e+06
   3.3660309e+05   1.7505430e+06
   3.3661753e+05   1.7505731e+06
   3.3663239e+05   1.7506024e+06
   3.3664683e+05   1.7506325e+06
   3.3666169e+05   1.7506617e+06
   3.3667612e+05   1.7506902e+06
   3.3669092e+05   1.7507123e+06
   3.3670528e+05   1.7507306e+06
   3.3672008e+05   1.7507528e+06
   3.3673453e+05   1.7507829e+06
   3.3674943e+05   1.7508191e+06
   3.3676395e+05   1.7508596e+06
   3.3677881e+05   1.7508892e+06
   3.3679322e+05   1.7509139e+06
   3.3680818e+05   1.7509576e+06
   3.3682286e+05   1.7510203e+06
   3.3683781e+05   1.7510638e+06
   3.3685221e+05   1.7510869e+06
   3.3686701e+05   1.7511092e+06
   3.3688143e+05   1.7511362e+06
   3.3689623e+05   1.7511580e+06
   3.3691058e+05   1.7511746e+06
   3.3692533e+05   1.7511893e+06
   3.3693966e+05   1.7512044e+06
   3.3695441e+05   1.7512189e+06
   3.3696874e+05   1.7512340e+06
   3.3698349e+05   1.7512486e+06
   3.3699783e+05   1.7512636e+06
   3.3701257e+05   1.7512782e+06
   3.3702678e+05   1.7512932e+06
   3.3703996e+05   1.7513075e+06
   3.3704703e+05   1.7513194e+06
   3.3710088e+05   1.7513279e+06
   3.3715217e+05   1.7513202e+06
   3.3719346e+05   1.7513048e+06
   3.3721414e+05   1.7512823e+06
   3.3722838e+05   1.7512488e+06
   3.3723954e+05   1.7511979e+06
   3.3723908e+05   1.7511336e+06
   3.3722724e+05   1.7510898e+06
   3.3721298e+05   1.7510668e+06
   3.3719661e+05   1.7510444e+06
   3.3717482e+05   1.7510176e+06
   3.3714383e+05   1.7509959e+06
   3.3710154e+05   1.7509795e+06
   3.3705068e+05   1.7509650e+06
   3.3701514e+05   1.7509501e+06
   3.3699415e+05   1.7509354e+06
   3.3697244e+05   1.7509189e+06
   3.3694611e+05   1.7508970e+06
   3.3692469e+05   1.7508685e+06
   3.3690829e+05   1.7508393e+06
   3.3689396e+05   1.7508075e+06
   3.3688216e+05   1.7507710e+06
   3.3688160e+05   1.7507288e+06
   3.3688971e+05   1.7506904e+06
   3.3688881e+05   1.7506376e+06
   3.3687328e+05   1.7505148e+06
   3.3684390e+05   1.7503349e+06
   3.3680393e+05   1.7502331e+06
   3.3676847e+05   1.7502115e+06
   3.3673735e+05   1.7501735e+06
   3.3670838e+05   1.7501023e+06
   3.3668029e+05   1.7500520e+06
   3.3665865e+05   1.7500290e+06
   3.3664078e+05   1.7500137e+06
   3.3661933e+05   1.7499987e+06
   3.3659307e+05   1.7499841e+06
   3.3657199e+05   1.7499675e+06
   3.3655876e+05   1.7499456e+06
   3.3655842e+05   1.7499169e+06
   3.3656972e+05   1.7498871e+06
   3.3658342e+05   1.7498503e+06
   3.3659762e+05   1.7497919e+06
   3.3661077e+05   1.7497140e+06
   3.3661875e+05   1.7496561e+06
   3.3660454e+05   1.7496243e+06
   3.3656993e+05   1.7496164e+06
   3.3654204e+05   1.7496237e+06
   3.3652430e+05   1.7496231e+06
   3.3650996e+05   1.7496081e+06
   3.3649823e+05   1.7495793e+06
   3.3649807e+05   1.7495404e+06
   3.3651094e+05   1.7495111e+06
   3.3653175e+05   1.7494910e+06
   3.3655773e+05   1.7494685e+06
   3.3657835e+05   1.7494397e+06
   3.3658965e+05   1.7494105e+06
   3.3658259e+05   1.7493819e+06
   3.3655939e+05   1.7493599e+06
   3.3653831e+05   1.7493417e+06
   3.3652195e+05   1.7493195e+06
   3.3650738e+05   1.7492893e+06
   3.3649246e+05   1.7492527e+06
   3.3647778e+05   1.7492075e+06
   3.3646121e+05   1.7491567e+06
   3.3643960e+05   1.7491028e+06
   3.3641317e+05   1.7490662e+06
   3.3639181e+05   1.7490448e+06
   3.3637544e+05   1.7490225e+06
   3.3636088e+05   1.7489940e+06
   3.3634602e+05   1.7489647e+06
   3.3633156e+05   1.7489329e+06
   3.3631665e+05   1.7488964e+06
   3.3630212e+05   1.7488544e+06
   3.3628721e+05   1.7488177e+06
   3.3627274e+05   1.7487844e+06
   3.3625783e+05   1.7487479e+06
   3.3624331e+05   1.7487075e+06
   3.3622845e+05   1.7486782e+06
   3.3621408e+05   1.7486583e+06
   3.3619928e+05   1.7486362e+06
   3.3618485e+05   1.7486093e+06
   3.3617005e+05   1.7485875e+06
   3.3615570e+05   1.7485709e+06
   3.3614095e+05   1.7485559e+06
   3.3612659e+05   1.7485376e+06
   3.3611173e+05   1.7485085e+06
   3.3609721e+05   1.7484681e+06
   3.3608231e+05   1.7484318e+06
   3.3606786e+05   1.7484017e+06
   3.3605305e+05   1.7483792e+06
   3.3603867e+05   1.7483578e+06
   3.3602376e+05   1.7483214e+06
   3.3600916e+05   1.7482707e+06
   3.3599425e+05   1.7482343e+06
   3.3597987e+05   1.7482128e+06
   3.3596506e+05   1.7481902e+06
   3.3595060e+05   1.7481585e+06
   3.3593564e+05   1.7481142e+06
   3.3592096e+05   1.7480522e+06
   3.3590573e+05   1.7479719e+06
   3.3589078e+05   1.7478726e+06
   3.3587544e+05   1.7477783e+06
   3.3586060e+05   1.7476941e+06
   3.3584558e+05   1.7476425e+06
   3.3583117e+05   1.7476178e+06
   3.3581636e+05   1.7475938e+06
   3.3580180e+05   1.7475492e+06
   3.3578643e+05   1.7474480e+06
   3.3577138e+05   1.7473005e+06
   3.3575917e+05   1.7472064e+06
   3.3575881e+05   1.7471735e+06
   3.3576864e+05   1.7471570e+06
   3.3577527e+05   1.7471442e+06
   3.3577468e+05   1.7470634e+06
   3.3576754e+05   1.7470420e+06
   3.3575404e+05   1.7469840e+06
   3.3573927e+05   1.7468927e+06
   3.3572404e+05   1.7468124e+06
   3.3570917e+05   1.7467424e+06
   3.3569238e+05   1.7466621e+06
   3.3567050e+05   1.7465709e+06
   3.3564391e+05   1.7465127e+06
   3.3562226e+05   1.7464880e+06
   3.3560282e+05   1.7464726e+06
   3.3557437e+05   1.7464560e+06
   3.3553653e+05   1.7464342e+06
   3.3550812e+05   1.7464058e+06
   3.3549014e+05   1.7463767e+06
   3.3547544e+05   1.7463465e+06
   3.3546057e+05   1.7463174e+06
   3.3544613e+05   1.7462889e+06
   3.3543133e+05   1.7462668e+06
   3.3541696e+05   1.7462485e+06
   3.3540216e+05   1.7462261e+06
   3.3538795e+05   1.7461927e+06
   3.3537605e+05   1.7461418e+06
   3.3537530e+05   1.7460742e+06
   3.3538327e+05   1.7460159e+06
   3.3538267e+05   1.7459689e+06
   3.3537088e+05   1.7459317e+06
   3.3535704e+05   1.7458968e+06
   3.3534677e+05   1.7458534e+06
   3.3535341e+05   1.7458058e+06
   3.3537634e+05   1.7457912e+06
   3.3539745e+05   1.7458116e+06
   3.3541385e+05   1.7458401e+06
   3.3542843e+05   1.7458702e+06
   3.3544330e+05   1.7458996e+06
   3.3545789e+05   1.7459314e+06
   3.3547435e+05   1.7459677e+06
   3.3549587e+05   1.7460081e+06
   3.3552225e+05   1.7460372e+06
   3.3554399e+05   1.7460553e+06
   3.3556497e+05   1.7460702e+06
   3.3560040e+05   1.7460850e+06
   3.3564972e+05   1.7460998e+06
   3.3568518e+05   1.7461195e+06
   3.3570632e+05   1.7461557e+06
   3.3572829e+05   1.7462063e+06
   3.3575474e+05   1.7462429e+06
   3.3577626e+05   1.7462675e+06
   3.3579429e+05   1.7463042e+06
   3.3581602e+05   1.7463565e+06
   3.3584250e+05   1.7463999e+06
   3.3586395e+05   1.7464316e+06
   3.3588031e+05   1.7464540e+06
   3.3589482e+05   1.7464739e+06
   3.3590968e+05   1.7465033e+06
   3.3592421e+05   1.7465454e+06
   3.3593917e+05   1.7465889e+06
   3.3595372e+05   1.7466326e+06
   3.3596863e+05   1.7466695e+06
   3.3598312e+05   1.7467045e+06
   3.3599808e+05   1.7467487e+06
   3.3601274e+05   1.7468075e+06
   3.3602786e+05   1.7468730e+06
   3.3604247e+05   1.7469436e+06
   3.3605597e+05   1.7470014e+06
   3.3606324e+05   1.7470403e+06
   3.3609667e+05   1.7471643e+06
   3.3610398e+05   1.7472087e+06
   3.3611763e+05   1.7472885e+06
   3.3613250e+05   1.7473934e+06
   3.3614772e+05   1.7474733e+06
   3.3616232e+05   1.7475250e+06
   3.3617724e+05   1.7475623e+06
   3.3619170e+05   1.7475941e+06
   3.3620656e+05   1.7476235e+06
   3.3622100e+05   1.7476536e+06
   3.3623586e+05   1.7476832e+06
   3.3625033e+05   1.7477165e+06
   3.3626529e+05   1.7477601e+06
   3.3627990e+05   1.7478125e+06
   3.3629481e+05   1.7478488e+06
   3.3630918e+05   1.7478687e+06
   3.3632394e+05   1.7478838e+06
   3.3633828e+05   1.7479004e+06
   3.3635309e+05   1.7479222e+06
   3.3636751e+05   1.7479492e+06
   3.3638231e+05   1.7479710e+06
   3.3639666e+05   1.7479876e+06
   3.3641142e+05   1.7480027e+06
   3.3642579e+05   1.7480226e+06
   3.3644069e+05   1.7480589e+06
   3.3645530e+05   1.7481113e+06
   3.3647026e+05   1.7481550e+06
   3.3648475e+05   1.7481900e+06
   3.3649966e+05   1.7482269e+06
   3.3651420e+05   1.7482705e+06
   3.3652916e+05   1.7483142e+06
   3.3654371e+05   1.7483579e+06
   3.3655862e+05   1.7483945e+06
   3.3657308e+05   1.7484263e+06
   3.3658793e+05   1.7484559e+06
   3.3660240e+05   1.7484893e+06
   3.3661736e+05   1.7485329e+06
   3.3663197e+05   1.7485852e+06
   3.3664688e+05   1.7486216e+06
   3.3666125e+05   1.7486414e+06
   3.3667601e+05   1.7486568e+06
   3.3669051e+05   1.7486767e+06
   3.3670697e+05   1.7487129e+06
   3.3672855e+05   1.7487636e+06
   3.3675498e+05   1.7487999e+06
   3.3677635e+05   1.7488213e+06
   3.3679271e+05   1.7488437e+06
   3.3680728e+05   1.7488739e+06
   3.3682219e+05   1.7489101e+06
   3.3683671e+05   1.7489505e+06
   3.3685157e+05   1.7489800e+06
   3.3686595e+05   1.7490014e+06
   3.3688081e+05   1.7490308e+06
   3.3689533e+05   1.7490713e+06
   3.3691024e+05   1.7491076e+06
   3.3692469e+05   1.7491394e+06
   3.3693955e+05   1.7491688e+06
   3.3695400e+05   1.7491990e+06
   3.3696885e+05   1.7492285e+06
   3.3698332e+05   1.7492619e+06
   3.3699828e+05   1.7493056e+06
   3.3701290e+05   1.7493595e+06
   3.3702786e+05   1.7494037e+06
   3.3704236e+05   1.7494418e+06
   3.3705738e+05   1.7494932e+06
   3.3707209e+05   1.7495606e+06
   3.3708716e+05   1.7496194e+06
   3.3710179e+05   1.7496744e+06
   3.3711696e+05   1.7497477e+06
   3.3713188e+05   1.7498439e+06
   3.3714716e+05   1.7499321e+06
   3.3716202e+05   1.7500188e+06
   3.3717745e+05   1.7501281e+06
   3.3719262e+05   1.7502583e+06
   3.3720790e+05   1.7503458e+06
   3.3722245e+05   1.7503905e+06
   3.3723736e+05   1.7504282e+06
   3.3725190e+05   1.7504719e+06
   3.3726687e+05   1.7505165e+06
   3.3728149e+05   1.7505714e+06
   3.3729676e+05   1.7506586e+06
   3.3731182e+05   1.7507736e+06
   3.3732704e+05   1.7508534e+06
   3.3734156e+05   1.7508932e+06
   3.3735636e+05   1.7509162e+06
   3.3737072e+05   1.7509345e+06
   3.3738552e+05   1.7509565e+06
   3.3739996e+05   1.7509851e+06
   3.3741481e+05   1.7510142e+06
   3.3742925e+05   1.7510444e+06
   3.3744411e+05   1.7510736e+06
   3.3745855e+05   1.7511038e+06
   3.3747340e+05   1.7511331e+06
   3.3748785e+05   1.7511632e+06
   3.3750270e+05   1.7511928e+06
   3.3751717e+05   1.7512261e+06
   3.3753213e+05   1.7512699e+06
   3.3754674e+05   1.7513239e+06
   3.3756173e+05   1.7513710e+06
   3.3757650e+05   1.7514463e+06
   3.3759270e+05   1.7516633e+06
   3.3760937e+05   1.7520011e+06
   3.3762553e+05   1.7522108e+06
   3.3764019e+05   1.7522709e+06
   3.3765501e+05   1.7522964e+06
   3.3766944e+05   1.7523250e+06
   3.3768429e+05   1.7523542e+06
   3.3769848e+05   1.7523843e+06
   3.3771021e+05   1.7524138e+06
   3.3771070e+05   1.7524456e+06
   3.3770256e+05   1.7524823e+06
   3.3770287e+05   1.7525244e+06
   3.3771154e+05   1.7525610e+06
   3.3771177e+05   1.7525928e+06
   3.3770358e+05   1.7526224e+06
   3.3770406e+05   1.7526527e+06
   3.3771580e+05   1.7526822e+06
   3.3773001e+05   1.7527156e+06
   3.3774496e+05   1.7527599e+06
   3.3775962e+05   1.7528203e+06
   3.3777481e+05   1.7528958e+06
   3.3778987e+05   1.7530122e+06
   3.3780609e+05   1.7532307e+06
   3.3782258e+05   1.7535451e+06
   3.3783911e+05   1.7538063e+06
   3.3785472e+05   1.7539973e+06
   3.3787032e+05   1.7541308e+06
   3.3788525e+05   1.7542279e+06
   3.3790042e+05   1.7543022e+06
   3.3791512e+05   1.7543675e+06
   3.3793023e+05   1.7544334e+06
   3.3794496e+05   1.7545024e+06
   3.3795997e+05   1.7545542e+06
   3.3797449e+05   1.7545956e+06
   3.3798956e+05   1.7546547e+06
   3.3800439e+05   1.7547389e+06
   3.3801966e+05   1.7548261e+06
   3.3803451e+05   1.7549135e+06
   3.3804968e+05   1.7549869e+06
             NaN             NaN
   3.3753152e+05   1.7549605e+06
   3.3751355e+05   1.7549312e+06
   3.3749209e+05   1.7549130e+06
   3.3746582e+05   1.7548982e+06
   3.3744437e+05   1.7548833e+06
   3.3742651e+05   1.7548687e+06
   3.3740507e+05   1.7548537e+06
   3.3737880e+05   1.7548392e+06
   3.3735736e+05   1.7548243e+06
   3.3733950e+05   1.7548096e+06
   3.3731804e+05   1.7547930e+06
   3.3729173e+05   1.7547708e+06
   3.3727055e+05   1.7547392e+06
   3.3725716e+05   1.7546957e+06
   3.3725665e+05   1.7546433e+06
   3.3726790e+05   1.7546067e+06
   3.3728172e+05   1.7545867e+06
   3.3729624e+05   1.7545713e+06
   3.3731034e+05   1.7545544e+06
   3.3732480e+05   1.7545307e+06
   3.3733842e+05   1.7544826e+06
   3.3734910e+05   1.7543666e+06
   3.3734809e+05   1.7541920e+06
   3.3733881e+05   1.7540688e+06
   3.3733862e+05   1.7540074e+06
   3.3734987e+05   1.7539692e+06
   3.3736361e+05   1.7539388e+06
   3.3737808e+05   1.7539164e+06
   3.3739217e+05   1.7538980e+06
   3.3740665e+05   1.7538758e+06
   3.3742068e+05   1.7538487e+06
   3.3743515e+05   1.7538257e+06
   3.3744891e+05   1.7537976e+06
   3.3745995e+05   1.7537322e+06
   3.3745911e+05   1.7536338e+06
   3.3744557e+05   1.7535680e+06
   3.3742462e+05   1.7535337e+06
   3.3740122e+05   1.7534818e+06
   3.3739366e+05   1.7534024e+06
   3.3740309e+05   1.7533299e+06
   3.3741625e+05   1.7532709e+06
   3.3742748e+05   1.7532332e+06
   3.3742727e+05   1.7532051e+06
   3.3741539e+05   1.7531541e+06
   3.3740088e+05   1.7530795e+06
   3.3738588e+05   1.7530287e+06
   3.3737148e+05   1.7530041e+06
   3.3735668e+05   1.7529816e+06
   3.3734252e+05   1.7529546e+06
   3.3733082e+05   1.7529315e+06
   3.3733033e+05   1.7528986e+06
   3.3733809e+05   1.7528116e+06
   3.3733686e+05   1.7526775e+06
   3.3732471e+05   1.7525908e+06
   3.3731039e+05   1.7525596e+06
   3.3729408e+05   1.7525437e+06
   3.3727276e+05   1.7525287e+06
   3.3724650e+05   1.7525142e+06
   3.3722505e+05   1.7524992e+06
   3.3720719e+05   1.7524845e+06
   3.3718573e+05   1.7524680e+06
   3.3715941e+05   1.7524460e+06
   3.3713798e+05   1.7524159e+06
   3.3712151e+05   1.7523786e+06
   3.3710677e+05   1.7523253e+06
   3.3709150e+05   1.7522384e+06
   3.3707645e+05   1.7521250e+06
   3.3706128e+05   1.7520523e+06
   3.3704684e+05   1.7520228e+06
   3.3703203e+05   1.7519998e+06
   3.3701747e+05   1.7519712e+06
   3.3700106e+05   1.7519418e+06
   3.3697987e+05   1.7519085e+06
   3.3695652e+05   1.7518648e+06
   3.3694914e+05   1.7518108e+06
   3.3695878e+05   1.7517671e+06
   3.3697239e+05   1.7517351e+06
   3.3698686e+05   1.7517127e+06
   3.3700096e+05   1.7516959e+06
   3.3701548e+05   1.7516808e+06
   3.3702920e+05   1.7516640e+06
   3.3703900e+05   1.7516422e+06
   3.3703184e+05   1.7516185e+06
   3.3700876e+05   1.7516115e+06
   3.3698788e+05   1.7516219e+06
   3.3697179e+05   1.7516364e+06
   3.3695743e+05   1.7516533e+06
   3.3694139e+05   1.7516754e+06
   3.3692039e+05   1.7517042e+06
   3.3689444e+05   1.7517337e+06
   3.3687345e+05   1.7517641e+06
   3.3685747e+05   1.7517934e+06
   3.3684332e+05   1.7518222e+06
   3.3682885e+05   1.7518445e+06
   3.3681501e+05   1.7518630e+06
   3.3680367e+05   1.7518865e+06
   3.3680399e+05   1.7519313e+06
   3.3681624e+05   1.7520326e+06
   3.3683103e+05   1.7521817e+06
   3.3684329e+05   1.7522837e+06
   3.3684393e+05   1.7523365e+06
   3.3683597e+05   1.7523963e+06
   3.3683680e+05   1.7524759e+06
   3.3684884e+05   1.7525460e+06
   3.3686358e+05   1.7526525e+06
   3.3688037e+05   1.7529494e+06
   3.3689795e+05   1.7534110e+06
   3.3691473e+05   1.7537073e+06
   3.3692942e+05   1.7538057e+06
   3.3694119e+05   1.7538398e+06
   3.3694160e+05   1.7538616e+06
   3.3693342e+05   1.7538917e+06
   3.3693376e+05   1.7539387e+06
   3.3694263e+05   1.7540039e+06
   3.3694296e+05   1.7540834e+06
   3.3693187e+05   1.7541418e+06
   3.3691842e+05   1.7541787e+06
   3.3690714e+05   1.7542103e+06
   3.3690750e+05   1.7542599e+06
   3.3691988e+05   1.7543781e+06
   3.3693530e+05   1.7545783e+06
   3.3695167e+05   1.7548173e+06