   0.0000000e+00   0.0000000e+00
   0.0000000e+00   2.0000000e+02
   0.0000000e+00   4.0000000e+02
   0.0000000e+00   6.0000000e+02
   0.0000000e+00   8.0000000e+02
   0.0000000e+00   1.0000000e+03
   0.0000000e+00   1.2000000e+03
   0.0000000e+00   1.4000000e+03
   0.0000000e+00   1.6000000e+03
   0.0000000e+00   1.8000000e+03
   0.0000000e+00   2.0000000e+03
   0.0000000e+00   2.2000000e+03
   0.0000000e+00   2.4000000e+03
   0.0000000e+00   2.6000000e+03
   0.0000000e+00   2.8000000e+03
   0.0000000e+00   3.0000000e+03
   0.0000000e+00   3.2000000e+03
   0.0000000e+00   3.4000000e+03
   0.0000000e+00   3.6000000e+03
   0.0000000e+00   3.8000000e+03
   0.0000000e+00   4.0000000e+03
   0.0000000e+00   4.2000000e+03
  -3.6463511e-14   4.4000000e+03
  -2.3094173e-06   4.6000000e+03
  -1.1836018e-02   4.8000000e+03
  -5.5170577e-01   4.9999960e+03
  -3.0137420e+00   5.2340484e+03
  -4.7839495e+00   5.4872455e+03
  -5.1569038e+00   5.8299157e+03
  -6.6713627e+00   6.0833203e+03
  -7.1356633e+00   6.4030517e+03
   1.8567026e+02   6.5068167e+03
   3.9175719e+02   6.4328602e+03
   3.2978032e+02   6.1654214e+03
   3.1533489e+02   5.9653735e+03
   3.9313901e+02   5.7798251e+03
   3.3145329e+02   5.5701340e+03
   2.8126413e+02   5.3753381e+03
   3.0000000e+02   5.1750000e+03
   4.0000000e+02   5.0000000e+03
   6.0000000e+02   5.0000000e+03
   8.0000000e+02   5.0000000e+03
   1.0000000e+03   5.0000000e+03
   1.0000000e+03   5.2000000e+03
   1.0000000e+03   5.4000000e+03
   1.0000000e+03   5.6000000e+03
   1.0000000e+03   5.8000000e+03
   1.1579021e+03   5.9953387e+03
   1.1791023e+03   6.2534698e+03
   1.2131885e+03   6.4717620e+03
   1.2502659e+03   6.6922425e+03
   1.2111917e+03   6.8913977e+03
   1.3283525e+03   7.1006382e+03
   1.3103221e+03   7.3446333e+03
   1.2661161e+03   7.5222512e+03
   1.2726882e+03   7.7110520e+03
   1.1632076e+03   7.8625154e+03
   1.0830748e+03   8.0213313e+03
   1.0265040e+03   8.2037101e+03
   1.0022860e+03   8.4001039e+03
   1.0000087e+03   8.6000000e+03
   1.0000000e+03   8.8000000e+03
   1.0000000e+03   9.0000000e+03
   1.0000000e+03   9.2000000e+03
   1.0000000e+03   9.4000000e+03
   1.0000000e+03   9.6000000e+03
   1.0000000e+03   9.8000000e+03
   1.0000000e+03   1.0000000e+04
