   7.0000000e+03   5.0000000e+03
   6.9696155e+03   4.6527036e+03
   6.8793852e+03   4.3159597e+03
   6.7320508e+03   4.0000000e+03
   6.5320889e+03   3.7144248e+03
   6.2855752e+03   3.4679111e+03
   6.0000000e+03   3.2679492e+03
   5.6840403e+03   3.1206148e+03
   5.3472964e+03   3.0303845e+03
   5.0000000e+03   3.0000000e+03
   4.6527036e+03   3.0303845e+03
   4.3159597e+03   3.1206148e+03
   4.0000000e+03   3.2679492e+03
   3.7144248e+03   3.4679111e+03
   3.4679111e+03   3.7144248e+03
   3.2679492e+03   4.0000000e+03
   3.1206148e+03   4.3159597e+03
   3.0303845e+03   4.6527036e+03
   3.0000000e+03   5.0000000e+03
   3.0303845e+03   5.3472964e+03
   3.1206148e+03   5.6840403e+03
   3.2679492e+03   6.0000000e+03
   3.4679111e+03   6.2855752e+03
   3.7144248e+03   6.5320889e+03
   4.0000000e+03   6.7320508e+03
   4.3159597e+03   6.8793852e+03
   4.6527036e+03   6.9696155e+03
   5.0000000e+03   7.0000000e+03
   5.3472964e+03   6.9696155e+03
   5.6840403e+03   6.8793852e+03
   6.0000000e+03   6.7320508e+03
   6.2855752e+03   6.5320889e+03
   6.5320889e+03   6.2855752e+03
   6.7320508e+03   6.0000000e+03
   6.8793852e+03   5.6840403e+03
   6.9696155e+03   5.3472964e+03
   7.0000000e+03   5.0000000e+03
