69733.08    448391.42
70000.97    448711.85
70012.40    448733.19
70027.12    448760.18
70043.93    448785.34
70057.21    448813.59
70066.87    448832.61
70072.27    448840.28
70090.39    448864.29
70109.32    448887.59
70128.08    448911.03
70146.54    448934.75
70164.25    448959.11
70181.03    448984.30
70198.28    449009.07
70218.10    449031.59
70237.10    449054.83
70254.62    449079.36
70272.47    449103.61
70290.66    449127.56
70309.07    449151.31
70327.66    449174.92
70332.64    449181.54
70345.61    449199.07
70364.16    449222.71
70383.01    449246.07
70401.22    449270.00
70419.94    449293.49
70438.64    449316.99
70457.05    449340.75
70474.74    449365.13
70492.63    449389.35
70510.91    449413.21
70529.80    449436.55
70548.31    449460.21
70567.83    449483.00
70587.29    449505.83
70606.54    449528.85
70626.52    449551.23
70645.54    449574.46
70661.22    449600.60
70667.08    449608.87
70679.50    449624.47
70699.51    449646.83
70718.06    449670.46
70736.54    449694.15
70755.24    449717.65
70773.36    449741.66
70792.30    449764.95
70811.30    449788.19
70829.94    449811.75
70847.88    449835.92
70866.82    449859.21
70885.17    449883.02
70904.60    449905.87
70924.09    449928.69
70943.54    449951.53
70963.14    449974.25
70982.30    449997.35
71000.58    450021.21
71018.98    450044.98
71039.37    450067.00
71058.17    450090.41
71078.72    450112.29
71100.21    450133.35
71121.04    450154.99
71142.55    450176.03
71164.14    450197.00
71185.83    450217.88
71207.90    450238.43
71227.14    450261.46
71247.97    450283.09
71269.76    450303.89
71292.81    450323.58
71298.35    450329.52
71313.36    450345.46
71316.94    450350.74
71330.38    450370.43
71350.74    450392.48
71370.38    450415.16
71376.17    450418.35
71399.40    450429.62
71419.77    450451.66
71438.43    450475.19
71454.60    450500.92
71473.03    450524.65
71482.97    450540.27
71489.10    450550.46
71506.75    450574.88
71524.28    450599.41
71544.03    450621.99
71565.94    450642.68
71585.66    450665.28
71605.84    450687.49
71627.33    450708.55
71646.13    450731.96
71667.73    450752.92
71687.60    450775.40
71707.37    450797.96
71726.63    450820.97
71746.57    450843.39
71761.66    450858.42
71767.96    450864.54
71789.02    450885.97
71811.09    450906.52
71828.50    450931.15
71845.76    450954.43
71846.40    450955.36
71860.83    450982.60
71877.05    451008.27
71896.26    451031.33
71914.23    451055.47
71930.06    451081.48
71949.53    451104.31
71954.85    451124.49
71936.46    451149.03
71938.04    451154.26
71948.22    451185.22
71952.51    451212.89
71948.25    451225.08
71948.46    451253.79
71944.81    451267.97
71937.46    451286.75
71923.82    451316.72
71923.01    451326.95
71920.78    451358.78
71921.80    451367.89
71926.19    451403.93
71925.52    451409.72
71920.86    451448.48
71920.76    451449.81
71913.04    451486.53
71912.94    451495.30
71909.39    451527.89
71910.88    451536.99
71910.06    451574.18
71909.96    451577.68
71909.22    451618.21
71909.23    451618.76
71912.56    451655.16
71914.47    451670.27
71911.81    451695.70
71909.27    451709.87
71910.32    451736.89
71912.20    451758.74
71913.36    451774.11
71913.81    451806.10
71913.98    451813.44
71917.67    451850.09
71917.62    451855.99
71920.03    451887.91
71923.81    451908.58
71924.75    451923.66
71931.91    451957.27
71933.34    451964.99
71935.93    451993.63
71945.82    452024.77
71945.80    452024.87
71950.37    452060.75
71956.43    452082.41
71952.57    452098.70
71962.73    452129.68
71963.26    452135.73
71964.07    452168.39
71973.57    452193.03
71975.28    452198.46
71970.29    452234.82
71972.08    452241.14
71983.63    452270.90
71986.49    452298.84
71989.09    452306.00
71995.65    452340.14
72001.14    452361.10
72005.86    452371.08
72018.07    452400.26
72025.80    452433.38
72049.05    452452.90
72056.06    452469.32
72059.17    452483.91
72071.84    452512.69
72086.90    452539.39
72101.66    452566.34
72102.01    452567.30
72111.40    452597.68
72114.26    452626.82
72116.01    452633.53
72132.44    452659.02
72149.71    452683.77
72158.73    452715.76
72177.70    452739.02
72200.44    452758.99
72219.89    452781.83
72238.38    452805.51
72257.19    452828.92
72270.62    452850.85
72273.30    452854.69
72292.34    452877.89
72312.11    452900.46
72332.32    452922.63
72338.40    452928.23
72356.33    452941.49
72382.68    452958.29
72404.94    452978.67
72419.80    453005.54
72441.60    453026.32
72464.47    453046.17
72487.17    453066.16
72510.69    453085.44
72525.42    453096.20
72535.52    453103.58
72557.92    453123.84
72582.01    453142.62
72611.91    453156.31
72622.92    453161.97
72639.64    453171.90
72668.03    453186.92
72692.09    453195.41
72700.02    453198.77
72729.18    453213.11
72757.56    453224.61
72760.81    453225.29
72799.07    453226.48
72804.47    453226.93
72838.58    453226.05
72851.68    453225.45
72875.95    453223.18
72905.07    453218.57
72910.95    453217.61
72943.05    453208.72
72965.45    453205.56
72977.70    453202.75
73006.02    453189.55
73036.24    453178.53
73044.03    453176.60
73067.38    453168.54
73090.02    453148.86
73116.36    453133.40
73144.73    453120.26
73160.71    453114.29
73173.50    453107.57
73196.95    453088.81
73207.13    453073.62
73211.24    453059.60
73233.39    453039.35
73233.84    453010.34
73217.17    452985.06
73197.29    452962.59
73175.25    452942.02
73158.80    452954.21
73120.72    452956.26
73115.52    452954.46
73089.80    452937.10
73074.63    452910.51
73066.72    452894.61
73059.56    452883.83
73041.81    452859.49
73024.22    452835.03
73005.67    452811.39
72994.92    452780.92
72994.72    452766.89
72988.02    452747.08
72969.66    452723.28
72956.44    452694.98
72952.83    452673.54
72948.33    452662.21
72925.95    452641.93
72924.55    452641.25
72894.85    452629.29
72887.28    452598.70
72886.51    452596.71
72875.14    452566.79
72875.51    452539.74
72879.59    452523.01
72879.72    452499.02
72877.75    452484.74
72858.74    452461.50
72852.95    452426.69
72846.59    452415.67
72836.68    452401.07
72817.17    452378.27
72796.17    452356.79
72783.85    452344.04
72774.89    452335.54
72774.45    452333.32
72774.14    452296.32
72775.75    452289.27
72796.51    452276.73
72802.16    452273.89
72833.68    452284.05
72860.40    452294.85
72864.84    452296.64
72892.18    452312.57
72919.33    452328.67
72943.72    452347.19
72948.89    452350.33
72975.18    452359.51
73001.09    452376.69
73023.57    452396.88
73045.07    452417.93
73055.75    452426.80
73069.59    452436.34
73094.25    452454.62
73117.32    452474.29
73140.44    452493.92
73162.31    452514.65
73177.44    452541.27
73182.76    452571.79
73183.60    452575.76
73202.27    452599.29
73223.81    452620.30
73236.61    452648.97
73235.43    452677.45
73234.35    452690.84
73244.41    452721.90
73262.79    452745.69
73290.73    452761.10
73312.95    452781.51
73336.66    452793.01
73343.95    452794.24
73376.02    452806.03
73392.09    452810.76
73412.33    452814.11
73440.15    452829.61
73452.66    452834.37
73470.24    452843.14
73492.07    452863.90
73509.50    452888.52
73540.72    452901.05
73557.79    452925.98
73578.07    452948.09
73600.75    452968.11
73621.22    452990.06
73641.43    453012.25
73663.29    453032.98
73670.68    453037.74
73690.24    453049.25
73714.54    453067.85
73735.23    453089.61
73754.98    453112.18
73771.09    453137.96
73789.99    453161.29
73807.41    453185.91
73826.96    453208.67
73848.07    453230.06
73864.05    453255.94
73873.07    453268.79
73881.27    453280.74
73897.91    453306.04
73907.69    453308.31
73931.49    453316.51
73953.19    453337.38
73954.34    453361.56
73957.79    453373.23
73977.21    453387.66
73983.75    453390.38
74008.09    453408.94
74028.86    453430.63
74051.20    453450.94
74072.52    453472.15
74093.44    453493.70
74115.35    453514.39
74138.45    453534.04
74159.49    453555.49
74181.48    453576.12
74186.08    453580.58
74203.37    453596.82
74226.41    453616.52
74248.70    453636.87
74267.76    453660.06
74290.13    453680.35
74311.15    453701.82
74330.03    453725.17
74350.65    453746.98
74369.02    453770.78
74386.83    453795.05
74406.37    453817.82
74432.34    453834.96
74456.78    453853.43
74478.49    453874.29
74488.86    453880.70
74502.17    453893.43
74519.47    453915.65
74520.47    453917.28
74538.25    453941.59
74557.65    453964.48
74569.77    453993.75
74592.63    454013.60
74610.72    454037.64
74633.00    454045.26
74641.83    454050.27
74660.09    454074.15
74670.24    454087.76
74677.55    454098.75
74698.39    454120.37
74718.20    454142.90
74733.85    454169.07
74753.51    454191.73
74773.57    454214.04
74794.13    454235.92
74813.24    454259.06
74833.59    454281.11
74854.66    454302.54
74876.44    454323.35
74878.40    454325.40
74897.04    454345.18
74914.67    454366.80
74916.01    454368.45
74927.92    454381.93
74935.87    454390.93
74956.79    454412.49
74977.89    454433.89
74998.83    454455.42
75019.67    454477.05
75040.22    454498.94
75061.03    454520.59
75083.69    454540.62
75105.22    454561.64
75127.38    454582.11
75148.49    454603.50
75169.86    454624.67
75188.88    454647.89
75209.00    454670.14
75230.75    454690.97
75253.20    454711.20
75274.53    454732.39
75277.61    454735.60
75295.11    454754.25
75315.67    454776.11
75335.86    454798.32
75355.08    454821.36
75375.34    454843.49
75395.37    454865.84
75416.02    454887.62
75437.47    454908.71
75458.62    454930.07
75479.35    454951.80
75501.10    454972.62
75522.56    454993.71
75543.63    455015.13
75564.06    455037.12
75585.58    455058.15
75607.25    455079.05
75628.13    455100.65
75648.63    455122.57
75670.35    455143.42
75685.28    455155.46
75693.87    455162.71
75716.87    455182.44
75738.59    455203.30
75760.69    455223.82
75782.11    455244.94
75801.35    455267.97
75820.41    455291.15
75845.36    455309.18
75868.00    455329.23
75892.51    455347.64
75894.54    455348.82
75918.41    455364.84
75941.10    455384.84
75961.31    455407.02
75980.83    455429.81
76000.77    455452.22
76022.08    455473.44
76042.13    455495.75
76063.61    455516.82
nan    nan
72578.78    451836.76
72592.64    451857.08
72603.57    451887.38
72614.77    451917.46
72613.12    451921.50
72609.36    451922.20
72579.35    451928.47
72548.13    451938.36
72545.61    451938.16
72509.99    451940.35
72501.76    451936.69
72478.10    451917.53
72452.52    451900.06
72432.60    451877.62
72412.66    451855.20
72399.51    451826.84
72392.68    451806.43
72393.31    451792.39
72384.38    451760.33
72383.10    451749.96
72405.35    451741.96
72415.35    451741.26
72437.17    451720.64
72438.74    451712.71
72435.03    451676.08
72434.75    451672.34
72437.72    451673.73
72463.82    451690.74
72474.27    451717.45
72474.56    451721.22
72481.47    451725.68
72499.22    451739.50
72527.94    451754.22
72546.43    451777.91
72564.11    451802.31
72578.00    451830.02
72578.78    451836.76
