   1.5934592e+00   4.1527583e+00   2.0559758e+02   7.8166653e+00
   1.7099107e+00   4.2902396e+00   2.1219863e+02   6.6006471e+00
   1.8229739e+00   4.3976979e+00   2.1592670e+02   5.6761400e+00
   1.8384170e+00   4.4599849e+00   2.1855673e+02   5.5012333e+00
   1.8924306e+00   4.5248377e+00   2.2050893e+02   5.1264332e+00
   1.9467050e+00   4.5759913e+00   2.2205565e+02   4.7849486e+00
   2.0061408e+00   4.5983874e+00   2.2340871e+02   4.4892729e+00
   2.0602070e+00   4.6461144e+00   2.2454635e+02   4.2185839e+00
   2.0460896e+00   4.6465239e+00   2.2568550e+02   4.2727217e+00
   2.0224830e+00   4.6306173e+00   2.2679393e+02   4.3809973e+00
   2.1001366e+00   4.6740206e+00   2.2792268e+02   4.0353483e+00
   2.0802585e+00   4.6155988e+00   2.2921057e+02   4.1686106e+00
   1.9847177e+00   4.5509920e+00   2.3056837e+02   4.6558507e+00
   1.9246747e+00   4.5034419e+00   2.3233668e+02   4.9806775e+00
   1.9451929e+00   4.5005424e+00   2.3427712e+02   4.9098820e+00
   1.8524981e+00   4.4442290e+00   2.3662977e+02   5.4512600e+00
   1.7932091e+00   4.4107082e+00   2.3949433e+02   5.8760335e+00
   1.7781379e+00   4.3873958e+00   2.4269515e+02   5.9926379e+00
   1.7853960e+00   4.4103441e+00   2.4659058e+02   5.9260068e+00
   1.8209100e+00   4.4067568e+00   2.5078742e+02   5.6969623e+00
   1.9165890e+00   4.4594886e+00   2.5483279e+02   5.1264332e+00
   1.8843774e+00   4.4518927e+00   2.5895347e+02   5.2763532e+00
   1.8174288e+00   4.4426867e+00   2.6379797e+02   5.6844689e+00
   1.7975543e+00   4.4321745e+00   2.6916668e+02   5.8177312e+00
   1.9283260e+00   4.4990142e+00   2.7411613e+02   4.9806775e+00
   1.8508519e+00   4.4665828e+00   2.7906559e+02   5.4554244e+00
   1.8671610e+00   4.4854190e+00   2.8425685e+02   5.3138332e+00
   1.8634677e+00   4.5030512e+00   2.8935793e+02   5.3596421e+00
   1.7780867e+00   4.5183724e+00   2.9430419e+02   5.8552112e+00
   1.7864635e+00   4.5851535e+00   2.9891520e+02   5.6927978e+00
   1.8506180e+00   4.6510497e+00   3.0292661e+02   5.2721888e+00
   1.7578151e+00   4.6655140e+00   3.0675485e+02   5.7885801e+00
   1.6238888e+00   4.6423082e+00   3.1093057e+02   6.8338561e+00
   1.6415565e+00   4.7099556e+00   3.1511429e+02   6.5548382e+00
   1.7429269e+00   4.8136827e+00   3.1865503e+02   5.7177845e+00
   1.8139423e+00   4.8957992e+00   3.2151004e+02   5.1805710e+00
   1.8141237e+00   4.9002784e+00   3.2415832e+02   5.2305443e+00
   1.9888157e+00   5.0585320e+00   3.2660295e+02   4.2227484e+00
   1.9119733e+00   5.0553151e+00   3.2873698e+02   4.5559040e+00
   1.8557678e+00   5.0963778e+00   3.3084228e+02   4.8016064e+00
   1.9016684e+00   5.1640388e+00   3.3280961e+02   4.5017662e+00
   1.7775045e+00   5.1264160e+00   3.3475679e+02   5.2013932e+00
   1.7972007e+00   5.0954836e+00   3.3674344e+02   5.0764598e+00
   1.6760652e+00   5.1622078e+00   3.3870490e+02   5.7677579e+00
   1.6531410e+00   5.1623819e+00   3.4073889e+02   5.9926379e+00
   1.5837406e+00   5.1007435e+00   3.4288405e+02   6.6048115e+00
   1.4988269e+00   5.0269536e+00   3.4539519e+02   7.4460296e+00
   1.4337098e+00   4.8889786e+00   3.4829745e+02   8.3538789e+00
   1.3128723e+00   4.7463555e+00   3.5202487e+02   1.0211222e+01
   1.2894972e+00   4.5524206e+00   3.5680794e+02   1.0490240e+01
