   9.6868889E+04   4.9770356E+05
   9.6843320E+04   4.9761224E+05
   9.6920029E+04   4.9740403E+05
   9.6993084E+04   4.9728714E+05
   9.7033265E+04   4.9722870E+05
   9.7095363E+04   4.9712642E+05
   9.7427767E+04   4.9702049E+05
   9.7884803E+04   4.9717384E+05
   9.8107186E+04   4.9725792E+05
   9.8399409E+04   4.9733098E+05
   9.8494382E+04   4.9730541E+05
   9.9257816E+04   4.9699857E+05
   9.9422191E+04   4.9722139E+05
   9.9356441E+04   4.9726157E+05
   9.9232246E+04   4.9707163E+05
   9.8450549E+04   4.9746248E+05
   9.7416808E+04   4.9714834E+05
   9.7153807E+04   4.9718852E+05
   9.6956556E+04   4.9753188E+05
   9.6887153E+04   4.9769991E+05
   9.6868889E+04   4.9770356E+05
nan nan
   9.7577531E+04   4.9810537E+05
   9.7741907E+04   4.9818573E+05
   9.7914332E+04   4.9825327E+05
   9.8478655E+04   4.9807610E+05
   9.8357260E+04   4.9804657E+05
   9.8347417E+04   4.9799736E+05
   9.8403193E+04   4.9797767E+05
   9.8642703E+04   4.9808266E+05
   9.9282488E+04   4.9805314E+05
   9.9686045E+04   4.9818765E+05
   9.9669641E+04   4.9823359E+05
   9.9292331E+04   4.9814828E+05
   9.9042979E+04   4.9814828E+05
   9.8655827E+04   4.9817453E+05
   9.7976670E+04   4.9832217E+05
   9.7842151E+04   4.9833202E+05
   9.7691227E+04   4.9826640E+05
   9.7582956E+04   4.9819094E+05
   9.7573113E+04   4.9813188E+05
   9.7577531E+04   4.9810537E+05
