  1.0994500e+005  5.5114600e+005
  1.0987800e+005  5.5091400e+005
  1.0981800e+005  5.5072700e+005
  1.0979300e+005  5.5056000e+005
  1.0977200e+005  5.5036500e+005
  1.0975100e+005  5.5016400e+005
  1.0972800e+005  5.4997500e+005
  1.0971100e+005  5.4977600e+005
  1.0971400e+005  5.4958100e+005
  1.0971700e+005  5.4938600e+005
  1.0973500e+005  5.4918600e+005
  1.0973700e+005  5.4898500e+005
  1.0972100e+005  5.4878400e+005
  1.0972400e+005  5.4858500e+005
  1.0971600e+005  5.4838300e+005
  1.0969900e+005  5.4818400e+005
  1.0968200e+005  5.4798200e+005
  1.0966000e+005  5.4778000e+005
  1.0964700e+005  5.4758000e+005
  1.0962500e+005  5.4738000e+005
  1.0962300e+005  5.4718100e+005
  1.0961500e+005  5.4698200e+005
  1.0960800e+005  5.4677900e+005
  1.0960600e+005  5.4657800e+005
  1.0959500e+005  5.4637700e+005
  1.0958400e+005  5.4617800e+005
  1.0955800e+005  5.4598000e+005
  1.0954700e+005  5.4578000e+005
  1.0952100e+005  5.4558400e+005
  1.0951900e+005  5.4538100e+005
  1.0949800e+005  5.4518000e+005
  1.0947700e+005  5.4498000e+005
  1.0944900e+005  5.4478000e+005
  1.0942400e+005  5.4458100e+005
  1.0939300e+005  5.4438300e+005
  1.0933800e+005  5.4418700e+005
  1.0930900e+005  5.4399600e+005
  1.0927800e+005  5.4380200e+005
  1.0924700e+005  5.4360100e+005
  1.0919000e+005  5.4339900e+005
  1.0913900e+005  5.4320100e+005
  1.0909400e+005  5.4300800e+005
  1.0903800e+005  5.4281700e+005
  1.0899100e+005  5.4262000e+005
  1.0893900e+005  5.4242600e+005
  1.0890600e+005  5.4217000e+005
  1.0880900e+005  5.4189400e+005
  1.0873100e+005  5.4159300e+005
  1.0864400e+005  5.4129500e+005
  1.0857300e+005  5.4100300e+005
  1.0849300e+005  5.4071300e+005
  1.0840700e+005  5.4042400e+005
  1.0833100e+005  5.4013300e+005
  1.0826600e+005  5.3984000e+005
  1.0818500e+005  5.3955000e+005
  1.0810500e+005  5.3925900e+005
  1.0802200e+005  5.3902300e+005
  1.0796600e+005  5.3883100e+005
  1.0790700e+005  5.3863200e+005
  1.0785300e+005  5.3843000e+005
  1.0779600e+005  5.3823600e+005
  1.0773200e+005  5.3804200e+005
  1.0768200e+005  5.3784300e+005
  1.0762700e+005  5.3764500e+005
  1.0757300e+005  5.3744900e+005
  1.0753400e+005  5.3724900e+005
  1.0748500e+005  5.3704900e+005
  1.0744900e+005  5.3684200e+005
  1.0741300e+005  5.3663800e+005
  1.0738400e+005  5.3643800e+005
  1.0732500e+005  5.3623900e+005
  1.0727000e+005  5.3603900e+005
  1.0718600e+005  5.3584800e+005
  1.0715000e+005  5.3564400e+005
  1.0709100e+005  5.3544800e+005
  1.0703600e+005  5.3524700e+005
  1.0697500e+005  5.3504700e+005
  1.0691200e+005  5.3480200e+005
  1.0680900e+005  5.3453000e+005
  1.0670400e+005  5.3430100e+005
  1.0661900e+005  5.3413300e+005
  1.0658000e+005  5.3396200e+005
  1.0652300e+005  5.3380000e+005
  1.0645500e+005  5.3362300e+005
  1.0639500e+005  5.3339900e+005
  1.0631200e+005  5.3311900e+005
  1.0620700e+005  5.3283900e+005
  1.0610500e+005  5.3257900e+005
  1.0600800e+005  5.3233700e+005
  1.0591900e+005  5.3209400e+005
  1.0577700e+005  5.3182800e+005
  1.0571700e+005  5.3171700e+005
  1.0564900e+005  5.3161600e+005
  1.0555100e+005  5.3140700e+005
  1.0449000e+005  5.2635800e+005
  1.0445100e+005  5.2611200e+005
  1.0442200e+005  5.2591600e+005
  1.0439600e+005  5.2571300e+005
  1.0437600e+005  5.2555000e+005
  1.0436200e+005  5.2538900e+005
  1.0435300e+005  5.2524200e+005
  1.0430500e+005  5.2488600e+005
  1.0427700e+005  5.2471200e+005
  1.0423900e+005  5.2455500e+005
  1.0424000e+005  5.2439300e+005
  1.0421800e+005  5.2424600e+005
  1.0415200e+005  5.2389600e+005
  1.0411800e+005  5.2372900e+005
  1.0408100e+005  5.2337600e+005
  1.0404700e+005  5.2308300e+005
  1.0400200e+005  5.2286100e+005
  1.0402500e+005  5.2272500e+005
  1.0402600e+005  5.2247600e+005
  1.0399800e+005  5.2222500e+005
  1.0397900e+005  5.2197600e+005
  1.0388500e+005  5.2173600e+005
  1.0384600e+005  5.2149000e+005
  1.0377300e+005  5.2124700e+005
  1.0376900e+005  5.2099600e+005
  1.0376900e+005  5.2074000e+005
  1.0371500e+005  5.2049400e+005
  1.0366200e+005  5.2025000e+005
  1.0360300e+005  5.2000500e+005
  1.0353900e+005  5.1975600e+005
  1.0354500e+005  5.1950400e+005
  1.0356500e+005  5.1925000e+005
  1.0353600e+005  5.1900200e+005
  1.0350200e+005  5.1875100e+005
  1.0347300e+005  5.1850300e+005
  1.0345400e+005  5.1825300e+005
  1.0338000e+005  5.1800900e+005
  1.0333500e+005  5.1776200e+005
  1.0330300e+005  5.1751300e+005
  1.0327500e+005  5.1726400e+005
  1.0325800e+005  5.1701500e+005
  1.0321500e+005  5.1676800e+005
  1.0318800e+005  5.1651900e+005
  1.0313500e+005  5.1627200e+005
  1.0310300e+005  5.1602500e+005
  1.0308500e+005  5.1577700e+005
  1.0309700e+005  5.1552400e+005
  1.0304800e+005  5.1527800e+005
  1.0302400e+005  5.1503000e+005
  1.0298100e+005  5.1478600e+005
  1.0291900e+005  5.1454300e+005
  1.0286500e+005  5.1429800e+005
  1.0284100e+005  5.1404900e+005
  1.0283200e+005  5.1379600e+005
  1.0280300e+005  5.1354700e+005
  1.0280900e+005  5.1329400e+005
  1.0279600e+005  5.1304400e+005
  1.0273100e+005  5.1279400e+005
  1.0265700e+005  5.1255200e+005
  1.0264900e+005  5.1230200e+005
  1.0262500e+005  5.1205200e+005
  1.0258100e+005  5.1180400e+005
  1.0251200e+005  5.1156100e+005
  1.0249900e+005  5.1131100e+005
  1.0245100e+005  5.1106600e+005
  1.0246600e+005  5.1081000e+005
  1.0241300e+005  5.1056500e+005
  1.0234500e+005  5.1032100e+005
  1.0228100e+005  5.1007700e+005
  1.0228100e+005  5.0982400e+005
  1.0224800e+005  5.0957600e+005
  1.0220000e+005  5.0933100e+005
  1.0215100e+005  5.0908600e+005
  1.0209200e+005  5.0884200e+005
  1.0204300e+005  5.0859600e+005
  1.0201800e+005  5.0834800e+005
  1.0202900e+005  5.0809400e+005
  1.0198900e+005  5.0784700e+005
  1.0193300e+005  5.0760400e+005
  1.0186700e+005  5.0736100e+005
  1.0183100e+005  5.0711400e+005
  1.0178500e+005  5.0686800e+005
  1.0173400e+005  5.0662300e+005
  1.0168800e+005  5.0637700e+005
  1.0165800e+005  5.0613000e+005
  1.0162100e+005  5.0588000e+005
  1.0157500e+005  5.0563400e+005
  1.0150500e+005  5.0539400e+005
  1.0145900e+005  5.0514800e+005
  1.0138300e+005  5.0490700e+005
  1.0135700e+005  5.0465800e+005
  1.0129100e+005  5.0441600e+005
  1.0125000e+005  5.0417000e+005
  1.0118900e+005  5.0392600e+005
  1.0112800e+005  5.0368400e+005
  1.0106100e+005  5.0344300e+005
  1.0100600e+005  5.0320100e+005
  1.0094900e+005  5.0295600e+005
  1.0092500e+005  5.0270300e+005
  1.0086000e+005  5.0246300e+005
  1.0080400e+005  5.0221900e+005
  1.0075600e+005  5.0197200e+005
  1.0070000e+005  5.0173000e+005
  1.0065800e+005  5.0148200e+005
  1.0058700e+005  5.0124300e+005
  1.0045200e+005  5.0101500e+005
  1.0041000e+005  5.0076800e+005
  1.0031400e+005  5.0054600e+005
  1.0022000e+005  5.0031300e+005
  1.0013700e+005  5.0007700e+005
  1.0006300e+005  4.9983800e+005
  9.9970000e+004  4.9960700e+005
  9.9883000e+004  4.9937300e+005
  9.9755000e+004  4.9913600e+005
  9.9629000e+004  4.9891600e+005
  9.9556000e+004  4.9867800e+005
  9.9444000e+004  4.9845200e+005
  9.9342000e+004  4.9821200e+005
nan               nan
  9.9043000e+004  4.9712000e+005
  9.9043000e+004  4.9623400e+005
  9.9012000e+004  4.9598100e+005
  9.9044000e+004  4.9571000e+005
  9.8961000e+004  4.9547500e+005
  9.8928000e+004  4.9520200e+005
  9.8897000e+004  4.9495000e+005
  9.8819000e+004  4.9471300e+005
  9.8758000e+004  4.9447000e+005
  9.8703000e+004  4.9422500e+005
  9.8624000e+004  4.9398700e+005
  9.8560000e+004  4.9374500e+005
  9.8476000e+004  4.9350900e+005
  9.8402000e+004  4.9327000e+005
  9.8318000e+004  4.9303500e+005
  9.8220000e+004  4.9280300e+005
  9.8141000e+004  4.9256500e+005
  9.8063000e+004  4.9233000e+005
  9.7968000e+004  4.9210000e+005
  9.7847000e+004  4.9188000e+005
  9.7766000e+004  4.9164300e+005
  9.7682000e+004  4.9140900e+005
  9.7610000e+004  4.9116900e+005
  9.7516000e+004  4.9093800e+005
  9.7374000e+004  4.9072500e+005
  9.7304000e+004  4.9048500e+005
  9.7208000e+004  4.9025100e+005
  9.7151000e+004  4.9000600e+005
  9.7056000e+004  4.8977400e+005
  9.6939000e+004  4.8955200e+005
  9.6880000e+004  4.8930800e+005
  9.6779000e+004  4.8907900e+005
  9.6688000e+004  4.8884800e+005
  9.6577000e+004  4.8862400e+005
  9.6499000e+004  4.8838600e+005
  9.6393000e+004  4.8815900e+005
  9.6300000e+004  4.8792500e+005
  9.6107000e+004  4.8746300e+005
  9.6006000e+004  4.8723600e+005
  9.5896000e+004  4.8700900e+005
  9.5845000e+004  4.8676000e+005
  9.5706000e+004  4.8654600e+005
  9.5624000e+004  4.8631000e+005
  9.5536000e+004  4.8607500e+005
  9.5439000e+004  4.8584400e+005
  9.5351000e+004  4.8561100e+005
  9.5245000e+004  4.8538300e+005
  9.5163000e+004  4.8514800e+005
  9.5057000e+004  4.8491900e+005
  9.4969000e+004  4.8468600e+005
  9.4872000e+004  4.8445500e+005
  9.4776000e+004  4.8422400e+005
  9.4679000e+004  4.8399300e+005
  9.4568000e+004  4.8376700e+005
  9.4472000e+004  4.8353800e+005
  9.4374000e+004  4.8330600e+005
  9.4283000e+004  4.8307400e+005
  9.4173000e+004  4.8285000e+005
  9.4077000e+004  4.8262000e+005
  9.3980000e+004  4.8239000e+005
  9.3878000e+004  4.8215900e+005
  9.3786000e+004  4.8192600e+005
  9.3649000e+004  4.8171400e+005
  9.3556000e+004  4.8148000e+005
  9.3484000e+004  4.8129200e+005
  9.3393000e+004  4.8106100e+005
  9.3229000e+004  4.8086300e+005
  9.3153000e+004  4.8063800e+005
  9.3054000e+004  4.8039200e+005
  9.2943000e+004  4.8016700e+005
  9.2833000e+004  4.7994200e+005
  9.2714000e+004  4.7972200e+005
  9.2613000e+004  4.7949200e+005
  9.2503000e+004  4.7926700e+005
  9.2412000e+004  4.7903500e+005
  9.2301000e+004  4.7881000e+005
  9.2163000e+004  4.7859600e+005
  9.2053000e+004  4.7837100e+005
  9.1934000e+004  4.7815100e+005
  9.1815000e+004  4.7793100e+005
  9.1713000e+004  4.7770100e+005
  9.1621000e+004  4.7746800e+005
  9.1512000e+004  4.7724400e+005
  9.1392000e+004  4.7702300e+005
  9.1300000e+004  4.7678800e+005
  9.1157000e+004  4.7658400e+005
  9.1049000e+004  4.7635700e+005
  9.0949000e+004  4.7612700e+005
  9.0840000e+004  4.7590000e+005
  9.0723000e+004  4.7567900e+005
  9.0606000e+004  4.7545900e+005
  9.0471000e+004  4.7524600e+005
  9.0345000e+004  4.7502900e+005
  9.0228000e+004  4.7480800e+005
  9.0111000e+004  4.7458700e+005
  9.0002000e+004  4.7436200e+005
  8.9893000e+004  4.7413300e+005
  8.9759000e+004  4.7392300e+005
  8.9650000e+004  4.7369700e+005
  8.9533000e+004  4.7347600e+005
  8.9406000e+004  4.7325700e+005
  8.9298000e+004  4.7303100e+005
  8.9146000e+004  4.7283100e+005
  8.9037000e+004  4.7260400e+005
  8.8930000e+004  4.7237900e+005
  8.8815000e+004  4.7215700e+005
  8.8648000e+004  4.7196400e+005
  8.8577000e+004  4.7171800e+005
  8.8418000e+004  4.7151900e+005
  8.8282000e+004  4.7130900e+005
  8.8162000e+004  4.7108800e+005
  8.8031000e+004  4.7087800e+005
  8.7915000e+004  4.7065300e+005
  8.7791000e+004  4.7043600e+005
  8.7668000e+004  4.7021800e+005
  8.7518000e+004  4.7001500e+005
  8.7422000e+004  4.6978500e+005
  8.7310000e+004  4.6956000e+005
  8.7164000e+004  4.6935700e+005
  8.7034000e+004  4.6914200e+005
  8.6913000e+004  4.6892100e+005
  8.6814000e+004  4.6868900e+005
  8.6663000e+004  4.6848800e+005
  8.6551000e+004  4.6826300e+005
  8.6397000e+004  4.6806600e+005
  8.6286000e+004  4.6784000e+005
  8.6141000e+004  4.6763600e+005
  8.5988000e+004  4.6743700e+005
  8.5867000e+004  4.6721600e+005
  8.5730000e+004  4.6700700e+005
  8.5544000e+004  4.6683000e+005
  8.5441000e+004  4.6659900e+005
  8.5305000e+004  4.6638900e+005
  8.5169000e+004  4.6617900e+005
  8.5025000e+004  4.6597500e+005
  8.4872000e+004  4.6577700e+005
  8.4738000e+004  4.6558700e+005
  8.4586000e+004  4.6539000e+005
  8.4435000e+004  4.6519100e+005
  8.4283000e+004  4.6499300e+005
  8.4128000e+004  4.6477400e+005
  8.3958000e+004  4.6459300e+005
  8.3825000e+004  4.6437900e+005
  8.3684000e+004  4.6417000e+005
  8.3536000e+004  4.6396900e+005
  8.3333000e+004  4.6381200e+005
  8.3208000e+004  4.6359200e+005
  8.3043000e+004  4.6340200e+005
  8.2917000e+004  4.6318100e+005
  8.2754000e+004  4.6299200e+005
  8.2566000e+004  4.6282100e+005
  8.2449000e+004  4.6259500e+005
  8.2299000e+004  4.6239200e+005
  8.2141000e+004  4.6219900e+005
  8.1975000e+004  4.6201200e+005
  8.1809000e+004  4.6182600e+005
  8.1666000e+004  4.6162000e+005
  8.1492000e+004  4.6144000e+005
  8.1353000e+004  4.6123000e+005
  8.1175000e+004  4.6105300e+005
  8.1037000e+004  4.6083700e+005
  8.0835000e+004  4.6068700e+005
