  1.1013800e+005  5.5181800e+005
  1.1010500e+005  5.5172300e+005
  1.1004000e+005  5.5153300e+005
  1.0997100e+005  5.5134600e+005
  1.0992600e+005  5.5115300e+005
  1.0984900e+005  5.5092000e+005
  1.0981300e+005  5.5072800e+005
  1.0978900e+005  5.5056100e+005
  1.0975700e+005  5.5036800e+005
  1.0971600e+005  5.5017100e+005
  1.0970300e+005  5.4997600e+005
  1.0968100e+005  5.4977700e+005
  1.0966900e+005  5.4958200e+005
  1.0963200e+005  5.4938800e+005
  1.0963000e+005  5.4918900e+005
  1.0962200e+005  5.4898800e+005
  1.0966600e+005  5.4878600e+005
  1.0964400e+005  5.4858700e+005
  1.0963600e+005  5.4838500e+005
  1.0963900e+005  5.4818700e+005
  1.0963700e+005  5.4798400e+005
  1.0963500e+005  5.4778000e+005
  1.0962200e+005  5.4758100e+005
  1.0961500e+005  5.4738100e+005
  1.0961300e+005  5.4718100e+005
  1.0959500e+005  5.4698400e+005
  1.0957800e+005  5.4678300e+005
  1.0956700e+005  5.4658200e+005
  1.0958000e+005  5.4637900e+005
  1.0956400e+005  5.4618000e+005
  1.0956800e+005  5.4597900e+005
  1.0953700e+005  5.4578100e+005
  1.0953600e+005  5.4558200e+005
  1.0951900e+005  5.4538100e+005
  1.0949300e+005  5.4518000e+005
  1.0946200e+005  5.4498300e+005
  1.0940000e+005  5.4478900e+005
  1.0940400e+005  5.4458400e+005
  1.0938900e+005  5.4438400e+005
  1.0934800e+005  5.4418500e+005
  1.0929400e+005  5.4399900e+005
  1.0927300e+005  5.4380300e+005
  1.0922700e+005  5.4360400e+005
  1.0918500e+005  5.4340000e+005
  1.0913400e+005  5.4320200e+005
  1.0908400e+005  5.4301000e+005
  1.0901800e+005  5.4282200e+005
  1.0897600e+005  5.4262400e+005
  1.0894300e+005  5.4242400e+005
  1.0886600e+005  5.4228000e+005
  1.0882400e+005  5.4212600e+005
  1.0879000e+005  5.4196500e+005
  1.0875000e+005  5.4182100e+005
  1.0870200e+005  5.4166700e+005
  1.0864800e+005  5.4152700e+005
  1.0860000e+005  5.4137300e+005
  1.0858000e+005  5.4122300e+005
  1.0854000e+005  5.4107900e+005
  1.0849000e+005  5.4093700e+005
  1.0845200e+005  5.4080200e+005
  1.0841700e+005  5.4065600e+005
  1.0837700e+005  5.4051100e+005
  1.0833200e+005  5.4036800e+005
  1.0830200e+005  5.4022100e+005
  1.0826400e+005  5.4006600e+005
  1.0822400e+005  5.3992100e+005
  1.0818900e+005  5.3977500e+005
  1.0815800e+005  5.3962800e+005
  1.0810800e+005  5.3948600e+005
  1.0807300e+005  5.3934000e+005
  1.0805200e+005  5.3919000e+005
  1.0798800e+005  5.3903200e+005
  1.0792700e+005  5.3884000e+005
  1.0787300e+005  5.3864000e+005
  1.0782900e+005  5.3843600e+005
  1.0777700e+005  5.3824200e+005
  1.0772200e+005  5.3804400e+005
  1.0767300e+005  5.3784600e+005
  1.0762700e+005  5.3764500e+005
  1.0756800e+005  5.3745000e+005
  1.0752000e+005  5.3725300e+005
  1.0747500e+005  5.3705200e+005
  1.0744900e+005  5.3684200e+005
  1.0741300e+005  5.3663800e+005
  1.0738400e+005  5.3643800e+005
  1.0734400e+005  5.3623300e+005
  1.0728400e+005  5.3603500e+005
  1.0721900e+005  5.3583700e+005
  1.0717900e+005  5.3563600e+005
  1.0712000e+005  5.3544000e+005
  1.0703100e+005  5.3524800e+005
  1.0699400e+005  5.3504100e+005
  1.0692700e+005  5.3487100e+005
  1.0689900e+005  5.3472400e+005
  1.0682900e+005  5.3459900e+005
  1.0679400e+005  5.3446300e+005
  1.0670900e+005  5.3429900e+005
  1.0665200e+005  5.3412200e+005
  1.0659900e+005  5.3395500e+005
  1.0654200e+005  5.3379300e+005
  1.0646500e+005  5.3362000e+005
  1.0640900e+005  5.3347900e+005
  1.0637600e+005  5.3334200e+005
  1.0634900e+005  5.3319200e+005
  1.0629400e+005  5.3305200e+005
  1.0623500e+005  5.3291400e+005
  1.0620200e+005  5.3277700e+005
  1.0614700e+005  5.3264800e+005
  1.0609800e+005  5.3252700e+005
  1.0605500e+005  5.3240500e+005
  1.0599900e+005  5.3227700e+005
  1.0594200e+005  5.3208500e+005
  1.0583700e+005  5.3193700e+005
  1.0578100e+005  5.3182600e+005
  1.0572100e+005  5.3171500e+005
  1.0565800e+005  5.3161200e+005
  1.0556000e+005  5.3140300e+005
  1.0546600e+005  5.3119300e+005
  1.0538500e+005  5.3093300e+005
  1.0530900e+005  5.3068300e+005
  1.0524400e+005  5.3043600e+005
  1.0518200e+005  5.3018500e+005
  1.0514600e+005  5.3004000e+005
  1.0510500e+005  5.2987200e+005
  1.0506300e+005  5.2970400e+005
  1.0502500e+005  5.2953500e+005
  1.0499500e+005  5.2938800e+005
  1.0496900e+005  5.2926000e+005
  1.0494200e+005  5.2913100e+005
  1.0491700e+005  5.2900600e+005
  1.0488600e+005  5.2885600e+005
  1.0485100e+005  5.2868500e+005
  1.0482100e+005  5.2853900e+005
  1.0479500e+005  5.2841300e+005
  1.0476900e+005  5.2828700e+005
  1.0474200e+005  5.2815300e+005
  1.0471100e+005  5.2800200e+005
  1.0467600e+005  5.2783000e+005
  1.0464500e+005  5.2768400e+005
  1.0462100e+005  5.2755900e+005
  1.0458300e+005  5.2737500e+005
  1.0453100e+005  5.2712300e+005
  1.0447900e+005  5.2687500e+005
  1.0449400e+005  5.2659600e+005
  1.0445100e+005  5.2636400e+005
  1.0442600e+005  5.2611600e+005
  1.0442700e+005  5.2591500e+005
  1.0441600e+005  5.2571000e+005
  1.0435600e+005  5.2555300e+005
  1.0436200e+005  5.2538900e+005
  1.0435800e+005  5.2524100e+005
  1.0432700e+005  5.2506900e+005
  1.0429500e+005  5.2488800e+005
  1.0427700e+005  5.2471200e+005
  1.0421900e+005  5.2455700e+005
  1.0422000e+005  5.2439500e+005
  1.0420800e+005  5.2424700e+005
  1.0414400e+005  5.2408200e+005
  1.0412700e+005  5.2389900e+005
  1.0411300e+005  5.2373000e+005
  1.0408500e+005  5.2349900e+005
  1.0404100e+005  5.2328200e+005
  1.0402300e+005  5.2308600e+005
  1.0400200e+005  5.2286100e+005
  1.0400000e+005  5.2272800e+005
  1.0399600e+005  5.2247900e+005
  1.0396800e+005  5.2222900e+005
  1.0394900e+005  5.2198000e+005
  1.0391000e+005  5.2173300e+005
  1.0385600e+005  5.2148900e+005
  1.0377800e+005  5.2124600e+005
  1.0376000e+005  5.2099700e+005
  1.0369500e+005  5.2074900e+005
  1.0366100e+005  5.2050100e+005
  1.0360700e+005  5.2025600e+005
  1.0358800e+005  5.2000700e+005
  1.0353900e+005  5.1975600e+005
  1.0351000e+005  5.1950900e+005
  1.0350600e+005  5.1925700e+005
  1.0343700e+005  5.1901400e+005
  1.0342200e+005  5.1876200e+005
  1.0339300e+005  5.1851200e+005
  1.0333900e+005  5.1826600e+005
  1.0334000e+005  5.1801400e+005
  1.0335500e+005  5.1776000e+005
  1.0332800e+005  5.1751100e+005
  1.0329000e+005  5.1726300e+005
  1.0323300e+005  5.1701700e+005
  1.0321000e+005  5.1676800e+005
  1.0317300e+005  5.1652100e+005
  1.0313500e+005  5.1627200e+005
  1.0309300e+005  5.1602600e+005
  1.0305600e+005  5.1578000e+005
  1.0302800e+005  5.1553300e+005
  1.0299900e+005  5.1528500e+005
  1.0295000e+005  5.1504000e+005
  1.0291700e+005  5.1479500e+005
  1.0288900e+005  5.1454800e+005
  1.0286500e+005  5.1429800e+005
  1.0284600e+005  5.1404800e+005
  1.0281300e+005  5.1379900e+005
  1.0277900e+005  5.1355000e+005
  1.0275500e+005  5.1330200e+005
  1.0271600e+005  5.1305500e+005
  1.0266200e+005  5.1280400e+005
  1.0262800e+005  5.1255600e+005
  1.0262400e+005  5.1230500e+005
  1.0259000e+005  5.1205700e+005
  1.0256600e+005  5.1180600e+005
  1.0251700e+005  5.1156000e+005
  1.0250900e+005  5.1130900e+005
  1.0242600e+005  5.1106900e+005
  1.0241700e+005  5.1081700e+005
  1.0236400e+005  5.1057200e+005
  1.0235400e+005  5.1032000e+005
  1.0229100e+005  5.1007600e+005
  1.0228600e+005  5.0982300e+005
  1.0223400e+005  5.0957800e+005
  1.0218500e+005  5.0933300e+005
  1.0211100e+005  5.0909200e+005
  1.0207800e+005  5.0884500e+005
  1.0205300e+005  5.0859400e+005
  1.0201800e+005  5.0834800e+005
  1.0197400e+005  5.0810200e+005
  1.0192000e+005  5.0785900e+005
  1.0186500e+005  5.0761800e+005
  1.0188200e+005  5.0735800e+005
  1.0177200e+005  5.0712600e+005
  1.0174100e+005  5.0687700e+005
  1.0169500e+005  5.0663100e+005
  1.0165900e+005  5.0638300e+005
  1.0163300e+005  5.0613500e+005
  1.0155300e+005  5.0589400e+005
  1.0151600e+005  5.0564600e+005
  1.0150000e+005  5.0539500e+005
  1.0144400e+005  5.0515100e+005
  1.0140800e+005  5.0490200e+005
  1.0138100e+005  5.0465300e+005
  1.0133000e+005  5.0440800e+005
  1.0128900e+005  5.0416100e+005
  1.0120400e+005  5.0392300e+005
  1.0116700e+005  5.0367500e+005
  1.0110500e+005  5.0343300e+005
  1.0104400e+005  5.0319200e+005
  1.0097300e+005  5.0295000e+005
  1.0090600e+005  5.0270800e+005
  1.0083500e+005  5.0246800e+005
  1.0080900e+005  5.0221800e+005
  1.0073700e+005  5.0197700e+005
  1.0066100e+005  5.0173900e+005
  1.0056100e+005  5.0150600e+005
  1.0046500e+005  5.0127200e+005
  1.0039300e+005  5.0102900e+005
  1.0029800e+005  5.0079300e+005
  1.0021200e+005  5.0058800e+005
  1.0011900e+005  5.0035500e+005
  1.0002200e+005  5.0012500e+005
  9.9925000e+004  4.9989500e+005
  9.9828000e+004  4.9966800e+005
  9.9722000e+004  4.9944200e+005
  9.9607000e+004  4.9919700e+005
  9.9472000e+004  4.9898100e+005
  9.9349000e+004  4.9876700e+005
  9.9203000e+004  4.9855200e+005
  9.9058000e+004  4.9833500e+005
nan nan
  9.8241000e+004  4.9700300e+005
  9.8357000e+004  4.9670500e+005
  9.8436000e+004  4.9642000e+005
  9.8505000e+004  4.9613700e+005
  9.8614000e+004  4.9584200e+005
  9.8655000e+004  4.9556900e+005
  9.8613000e+004  4.9529900e+005
  9.8606000e+004  4.9504000e+005
  9.8618000e+004  4.9477400e+005
  9.8592000e+004  4.9452400e+005
  9.8575000e+004  4.9426700e+005
  9.8557000e+004  4.9400700e+005
  9.8493000e+004  4.9376500e+005
  9.8448000e+004  4.9351800e+005
  9.8364000e+004  4.9328100e+005
  9.8308000e+004  4.9303800e+005
  9.8234000e+004  4.9279900e+005
  9.8170000e+004  4.9255700e+005
  9.8106000e+004  4.9231500e+005
  9.8006000e+004  4.9208600e+005
  9.7917000e+004  4.9185300e+005
  9.7808000e+004  4.9162700e+005
  9.7710000e+004  4.9139900e+005
  9.7629000e+004  4.9116200e+005
  9.7530000e+004  4.9093300e+005
  9.7421000e+004  4.9070700e+005
  9.7313000e+004  4.9048100e+005
  9.7222000e+004  4.9024600e+005
  9.7114000e+004  4.9002000e+005
  9.7014000e+004  4.8979000e+005
  9.6935000e+004  4.8955400e+005
  9.6829000e+004  4.8932900e+005
  9.6742000e+004  4.8909400e+005
  9.6674000e+004  4.8885400e+005
  9.6549000e+004  4.8863600e+005
  9.6444000e+004  4.8841000e+005
  9.6347000e+004  4.8817900e+005
  9.6240000e+004  4.8795000e+005
  9.6124000e+004  4.8772600e+005
  9.6047000e+004  4.8748800e+005
  9.5951000e+004  4.8726000e+005
  9.5863000e+004  4.8702200e+005
  9.5757000e+004  4.8679600e+005
  9.5697000e+004  4.8655000e+005
  9.5592000e+004  4.8632400e+005
  9.5522000e+004  4.8608100e+005
  9.5453000e+004  4.8583900e+005
  9.5365000e+004  4.8560500e+005
  9.5268000e+004  4.8537400e+005
  9.5154000e+004  4.8515100e+005
  9.5038000e+004  4.8492700e+005
  9.4969000e+004  4.8468600e+005
  9.4872000e+004  4.8445500e+005
  9.4767000e+004  4.8422700e+005
  9.4670000e+004  4.8399600e+005
  9.4554000e+004  4.8377300e+005
  9.4467000e+004  4.8354000e+005
  9.4379000e+004  4.8330400e+005
  9.4264000e+004  4.8308200e+005
  9.4164000e+004  4.8285400e+005
  9.4072000e+004  4.8262200e+005
  9.3962000e+004  4.8239800e+005
  9.3846000e+004  4.8217300e+005
  9.3758000e+004  4.8193800e+005
  9.3640000e+004  4.8171800e+005
  9.3524000e+004  4.8149400e+005
  9.3438000e+004  4.8131200e+005
  9.3335000e+004  4.8109000e+005
  9.3207000e+004  4.8087400e+005
  9.3117000e+004  4.8065600e+005
  9.3009000e+004  4.8041400e+005
  9.2903000e+004  4.8018600e+005
  9.2806000e+004  4.7995500e+005
  9.2687000e+004  4.7973500e+005
  9.2600000e+004  4.7949800e+005
  9.2476000e+004  4.7928000e+005
  9.2389000e+004  4.7904600e+005
  9.2270000e+004  4.7882500e+005
  9.2168000e+004  4.7859400e+005
  9.2049000e+004  4.7837300e+005
  9.1939000e+004  4.7814900e+005
  9.1820000e+004  4.7792900e+005
  9.1668000e+004  4.7772300e+005
  9.1599000e+004  4.7747900e+005
  9.1441000e+004  4.7728000e+005
  9.1388000e+004  4.7702500e+005
  9.1233000e+004  4.7682200e+005
  9.1126000e+004  4.7660100e+005
  9.1004000e+004  4.7638000e+005
  9.0940000e+004  4.7613200e+005
  9.0778000e+004  4.7593300e+005
  9.0666000e+004  4.7570900e+005
  9.0544000e+004  4.7549200e+005
  9.0449000e+004  4.7525800e+005
  9.0309000e+004  4.7504800e+005
  9.0192000e+004  4.7482700e+005
  9.0031000e+004  4.7462900e+005
  8.9901000e+004  4.7441600e+005
  8.9774000e+004  4.7419700e+005
  8.9653000e+004  4.7397900e+005
  8.9536000e+004  4.7375800e+005
  8.9450000e+004  4.7352100e+005
  8.9317000e+004  4.7330400e+005
  8.9206000e+004  4.7308200e+005
  8.9085000e+004  4.7286400e+005
  8.8984000e+004  4.7263200e+005
  8.8868000e+004  4.7241300e+005
  8.8759000e+004  4.7218900e+005
  8.8652000e+004  4.7196200e+005
  8.8529000e+004  4.7174500e+005
  8.8414000e+004  4.7152200e+005
  8.8278000e+004  4.7131100e+005
  8.8162000e+004  4.7108800e+005
  8.8018000e+004  4.7088600e+005
  8.7894000e+004  4.7066600e+005
  8.7762000e+004  4.7045400e+005
  8.7634000e+004  4.7024000e+005
  8.7501000e+004  4.7002600e+005
  8.7490000e+004  4.6974300e+005
  8.7271000e+004  4.6958300e+005
  8.7147000e+004  4.6936800e+005
  8.7004000e+004  4.6915900e+005
  8.6887000e+004  4.6893600e+005
  8.6749000e+004  4.6872700e+005
  8.6620000e+004  4.6851400e+005
  8.6504000e+004  4.6829100e+005
  8.6363000e+004  4.6808800e+005
  8.6232000e+004  4.6787600e+005
  8.6116000e+004  4.6765300e+005
  8.5963000e+004  4.6745400e+005
  8.5834000e+004  4.6723800e+005
  8.5701000e+004  4.6702700e+005
  8.5549000e+004  4.6682800e+005
  8.5412000e+004  4.6661900e+005
  8.5259000e+004  4.6642000e+005
  8.5111000e+004  4.6621900e+005
  8.4963000e+004  4.6601800e+005
  8.4819000e+004  4.6581400e+005
  8.4689000e+004  4.6562100e+005
  8.4529000e+004  4.6543000e+005
  8.4386000e+004  4.6522600e+005
  8.4242000e+004  4.6502200e+005
  8.4084000e+004  4.6480700e+005
  8.3930000e+004  4.6461400e+005
  8.3771000e+004  4.6442400e+005
  8.3629000e+004  4.6421400e+005
  8.3458000e+004  4.6403200e+005
  8.3333000e+004  4.6381200e+005
  8.3177000e+004  4.6361700e+005
  8.3039000e+004  4.6340500e+005
  8.2882000e+004  4.6320900e+005
  8.2722000e+004  4.6301700e+005
  8.2586000e+004  4.6280500e+005
  8.2434000e+004  4.6260700e+005
  8.2277000e+004  4.6241100e+005
  8.2115000e+004  4.6222200e+005
  8.1964000e+004  4.6202200e+005
  8.1817000e+004  4.6181900e+005
  8.1636000e+004  4.6164700e+005
  8.1474000e+004  4.6145600e+005
  8.1308000e+004  4.6126900e+005
  8.1168000e+004  4.6105900e+005
  8.1000000e+004  4.6087200e+005
  8.0817000e+004  4.6070400e+005
